Set1
Nodos
Basic 25 28 25 25 25 29 23 25 28 26 26 26 26 26 26 26 26 28 25 23
Mixed 16 12 14 19 17 14 14 11 13 16 17 16 16 16 14 18 12 15 15 14
Greedy 7 6 7 7 6 5 6 6 7 6 7 6 6 9 7 6 10 6 6 6

Ganancia
Basic 47 90 97 66 86 58 54 70 60 93 73 93 80 75 70 71 53 57 68 64
Mixed 18 42 40 8 36 27 38 33 22 24 6 24 26 35 29 30 20 7 24 39
Greedy 52 97 98 80 103 72 60 87 64 101 79 101 83 87 75 80 53 69 69 78

Tiempo
Basic 46 8 5 6 4 5 3 6 4 5 4 5 4 3 4 3 3 4 3 3
Mixed 5 3 3 3 3 2 3 3 2 3 3 3 2 2 2 2 2 2 2 2
Greedy 2 2 2 1 1 1 1 2 1 1 2 1 1 2 1 1 1 1 1 1


Set2
Nodos
Basic 11 11 11 11 11 11 11 11 11 11 11 11 11 11 11 11 11 11 11 11
Mixed 5 11 6 8 7 6 7 7 7 9 9 9 6 6 6 6 5 33 8 6
Greedy 1 4 1 2 2 5 1 2 1 1 1 1 1 4 1 1 1 1 1 2

Ganancia
Basic 50 97 96 80 101 68 56 85 63 97 78 97 81 84 75 76 50 69 68 72
Mixed 22 55 70 80 85 55 59 47 55 39 62 39 89 55 64 81 50 67 44 66
Greedy 52 97 98 80 103 72 60 87 64 101 79 101 83 85 75 80 53 69 69 78

Tiempo
Basic 158 97 77 74 76 62 76 85 67 71 67 70 62 66 68 64 67 66 60 63
Mixed 8 12 7 7 7 6 10 7 6 9 8 10 5 6 5 5 5 19 7 5
Greedy 2 9 4 4 4 9 2 4 1 2 1 2 1 7 1 1 1 1 1 3
